# 3ds Max Wavefront OBJ Exporter v0.97b - (c)2007 guruware
# File Created: 09.09.2015 12:10:43

mtllib 3d-model.mtl

#
# object Component_1_068
#

v  41.3006 393.4888 53.0229
v  41.6917 394.9279 52.8284
v  41.6917 395.0529 53.7534
v  41.3006 393.6139 53.9480
v  18.7583 401.0499 52.0007
v  18.7583 401.1750 52.9257
v  18.3671 399.6109 52.1952
v  18.3671 399.7360 53.1202
# 8 vertices

vn 0.9656 -0.2578 0.0349
vn 0.2601 0.9569 -0.1294
vn -0.9656 0.2578 -0.0349
vn -0.2601 -0.9569 0.1294
vn 0.0000 0.1340 0.9910
vn -0.0000 -0.1340 -0.9910
# 6 vertex normals

vt 0.0000 0.0000 0.0000
# 1 texture coords

g Component_1_068
usemtl wire_224086086
s off
f 1/1/1 2/1/1 3/1/1 4/1/1 
f 3/1/2 2/1/2 5/1/2 6/1/2 
f 5/1/3 7/1/3 8/1/3 6/1/3 
f 1/1/4 4/1/4 8/1/4 7/1/4 
f 8/1/5 4/1/5 3/1/5 6/1/5 
f 1/1/6 7/1/6 5/1/6 2/1/6 
# 6 polygons

#
# object Component_1_067
#

v  57.4464 452.8858 44.9922
v  57.8375 454.3249 44.7976
v  57.8375 454.4499 45.7226
v  57.4464 453.0109 45.9172
v  34.9041 460.4469 43.9699
v  34.9041 460.5720 44.8949
v  34.5129 459.0079 44.1644
v  34.5129 459.1330 45.0895
# 8 vertices

vn 0.9656 -0.2578 0.0349
vn 0.2601 0.9569 -0.1294
vn -0.9656 0.2578 -0.0349
vn -0.2601 -0.9569 0.1294
vn 0.0000 0.1340 0.9910
vn -0.0000 -0.1340 -0.9910
# 6 vertex normals

vt 0.0000 0.0000 0.0000
# 1 texture coords

g Component_1_067
usemtl wire_229166215
s off
f 9/2/7 10/2/7 11/2/7 12/2/7 
f 11/2/8 10/2/8 13/2/8 14/2/8 
f 13/2/9 15/2/9 16/2/9 14/2/9 
f 9/2/10 12/2/10 16/2/10 15/2/10 
f 16/2/11 12/2/11 11/2/11 14/2/11 
f 9/2/12 15/2/12 13/2/12 10/2/12 
# 6 polygons

#
# object Component_2_016
#

v  14.0411 327.7101 62.8585
v  15.4932 327.3225 62.9109
v  15.4932 327.4475 63.8359
v  14.0411 327.8352 63.7835
v  52.9510 465.1215 44.2797
v  52.9510 465.2466 45.2047
v  51.4989 465.5092 44.2273
v  51.4989 465.6342 45.1523
# 8 vertices

vn -0.2601 -0.9569 0.1294
vn 0.9656 -0.2578 0.0349
vn 0.2601 0.9569 -0.1294
vn -0.9656 0.2578 -0.0349
vn -0.0000 0.1340 0.9910
vn 0.0000 -0.1340 -0.9910
# 6 vertex normals

vt 0.0000 0.0000 0.0000
# 1 texture coords

g Component_2_016
usemtl wire_006134006
s off
f 17/3/13 18/3/13 19/3/13 20/3/13 
f 19/3/14 18/3/14 21/3/14 22/3/14 
f 21/3/15 23/3/15 24/3/15 22/3/15 
f 17/3/16 20/3/16 24/3/16 23/3/16 
f 24/3/17 20/3/17 19/3/17 22/3/17 
f 17/3/18 23/3/18 21/3/18 18/3/18 
# 6 polygons

#
# object Component_2_015
#

v  7.0809 329.5681 62.6073
v  8.5330 329.1805 62.6597
v  8.5330 329.3055 63.5847
v  7.0809 329.6932 63.5323
v  45.9908 466.9795 44.0285
v  45.9908 467.1046 44.9535
v  44.5387 467.3671 43.9761
v  44.5387 467.4922 44.9011
# 8 vertices

vn -0.2601 -0.9569 0.1294
vn 0.9656 -0.2578 0.0349
vn 0.2601 0.9569 -0.1294
vn -0.9656 0.2578 -0.0349
vn -0.0000 0.1340 0.9910
vn 0.0000 -0.1340 -0.9910
# 6 vertex normals

vt 0.0000 0.0000 0.0000
# 1 texture coords

g Component_2_015
usemtl wire_177028149
s off
f 25/4/19 26/4/19 27/4/19 28/4/19 
f 27/4/20 26/4/20 29/4/20 30/4/20 
f 29/4/21 31/4/21 32/4/21 30/4/21 
f 25/4/22 28/4/22 32/4/22 31/4/22 
f 32/4/23 28/4/23 27/4/23 30/4/23 
f 25/4/24 31/4/24 29/4/24 26/4/24 
# 6 polygons

#
# object Component_2_014
#

v  21.0012 325.8521 63.1097
v  22.4533 325.4645 63.1621
v  22.4533 325.5895 64.0872
v  21.0012 325.9772 64.0347
v  59.9111 463.2635 44.5309
v  59.9111 463.3886 45.4560
v  58.4589 463.6511 44.4785
v  58.4589 463.7762 45.4036
# 8 vertices

vn -0.2601 -0.9569 0.1294
vn 0.9656 -0.2578 0.0349
vn 0.2601 0.9569 -0.1294
vn -0.9656 0.2578 -0.0349
vn -0.0000 0.1340 0.9910
vn 0.0000 -0.1340 -0.9910
# 6 vertex normals

vt 0.0000 0.0000 0.0000
# 1 texture coords

g Component_2_014
usemtl wire_006134006
s off
f 33/5/25 34/5/25 35/5/25 36/5/25 
f 35/5/26 34/5/26 37/5/26 38/5/26 
f 37/5/27 39/5/27 40/5/27 38/5/27 
f 33/5/28 36/5/28 40/5/28 39/5/28 
f 40/5/29 36/5/29 35/5/29 38/5/29 
f 33/5/30 39/5/30 37/5/30 34/5/30 
# 6 polygons

#
# object Component_1_066
#

v  59.7529 461.3711 43.8449
v  60.1441 462.8101 43.6503
v  60.1441 462.9352 44.5754
v  59.7529 461.4962 44.7699
v  37.2106 468.9322 42.8226
v  37.2106 469.0573 43.7476
v  36.8194 467.4932 43.0172
v  36.8194 467.6182 43.9422
# 8 vertices

vn 0.9656 -0.2578 0.0349
vn 0.2601 0.9569 -0.1294
vn -0.9656 0.2578 -0.0349
vn -0.2601 -0.9569 0.1294
vn 0.0000 0.1340 0.9910
vn -0.0000 -0.1340 -0.9910
# 6 vertex normals

vt 0.0000 0.0000 0.0000
# 1 texture coords

g Component_1_066
usemtl wire_229166215
s off
f 41/6/31 42/6/31 43/6/31 44/6/31 
f 43/6/32 42/6/32 45/6/32 46/6/32 
f 45/6/33 47/6/33 48/6/33 46/6/33 
f 41/6/34 44/6/34 48/6/34 47/6/34 
f 48/6/35 44/6/35 43/6/35 46/6/35 
f 41/6/36 47/6/36 45/6/36 42/6/36 
# 6 polygons

#
# object Component_1_065
#

v  43.6071 401.9741 51.8757
v  43.9983 403.4131 51.6811
v  43.9983 403.5382 52.6061
v  43.6071 402.0992 52.8007
v  21.0649 409.5352 50.8534
v  21.0649 409.6603 51.7784
v  20.6737 408.0962 51.0479
v  20.6737 408.2213 51.9730
# 8 vertices

vn 0.9656 -0.2578 0.0349
vn 0.2601 0.9569 -0.1294
vn -0.9656 0.2578 -0.0349
vn -0.2601 -0.9569 0.1294
vn 0.0000 0.1340 0.9910
vn -0.0000 -0.1340 -0.9910
# 6 vertex normals

vt 0.0000 0.0000 0.0000
# 1 texture coords

g Component_1_065
usemtl wire_177028149
s off
f 49/7/37 50/7/37 51/7/37 52/7/37 
f 51/7/38 50/7/38 53/7/38 54/7/38 
f 53/7/39 55/7/39 56/7/39 54/7/39 
f 49/7/40 52/7/40 56/7/40 55/7/40 
f 56/7/41 52/7/41 51/7/41 54/7/41 
f 49/7/42 55/7/42 53/7/42 50/7/42 
# 6 polygons

#
# object Component_3_004
#

v  -1.2987 316.7914 63.3928
v  2.2565 315.8424 63.5211
v  43.3831 467.1385 43.0651
v  39.8279 468.0875 42.9368
v  2.2565 315.6895 62.3906
v  -1.2987 316.6386 62.2622
v  39.8279 467.9347 41.8062
v  43.3831 466.9856 41.9345
# 8 vertices

vn 0.0000 0.1340 0.9910
vn -0.2601 -0.9569 0.1294
vn -0.9656 0.2578 -0.0349
vn 0.2601 0.9569 -0.1294
vn -0.0000 -0.1340 -0.9910
vn 0.9656 -0.2578 0.0349
# 6 vertex normals

vt 0.0000 0.0000 0.0000
# 1 texture coords

g Component_3_004
usemtl wire_134006006
s off
f 57/8/43 58/8/43 59/8/43 60/8/43 
f 61/8/44 58/8/44 57/8/44 62/8/44 
f 63/8/45 62/8/45 57/8/45 60/8/45 
f 59/8/46 64/8/46 63/8/46 60/8/46 
f 61/8/47 62/8/47 63/8/47 64/8/47 
f 61/8/48 64/8/48 59/8/48 58/8/48 
# 6 polygons

#
# object Component_1_064
#

v  36.6875 376.5182 55.3174
v  37.0786 377.9573 55.1229
v  37.0786 378.0823 56.0479
v  36.6875 376.6433 56.2425
v  14.1452 384.0793 54.2951
v  14.1452 384.2044 55.2202
v  13.7540 382.6403 54.4897
v  13.7540 382.7654 55.4147
# 8 vertices

vn 0.9656 -0.2578 0.0349
vn 0.2601 0.9569 -0.1294
vn -0.9656 0.2578 -0.0349
vn -0.2601 -0.9569 0.1294
vn 0.0000 0.1340 0.9910
vn -0.0000 -0.1340 -0.9910
# 6 vertex normals

vt 0.0000 0.0000 0.0000
# 1 texture coords

g Component_1_064
usemtl wire_134006006
s off
f 65/9/49 66/9/49 67/9/49 68/9/49 
f 67/9/50 66/9/50 69/9/50 70/9/50 
f 69/9/51 71/9/51 72/9/51 70/9/51 
f 65/9/52 68/9/52 72/9/52 71/9/52 
f 72/9/53 68/9/53 67/9/53 70/9/53 
f 65/9/54 71/9/54 69/9/54 66/9/54 
# 6 polygons

#
# object Component_1_063
#

v  25.1547 334.0918 61.0537
v  25.5459 335.5309 60.8591
v  25.5459 335.6559 61.7842
v  25.1547 334.2169 61.9787
v  2.6125 341.6529 60.0314
v  2.6125 341.7780 60.9564
v  2.2213 340.2139 60.2260
v  2.2213 340.3390 61.1510
# 8 vertices

vn 0.9656 -0.2578 0.0349
vn 0.2601 0.9569 -0.1294
vn -0.9656 0.2578 -0.0349
vn -0.2601 -0.9569 0.1294
vn 0.0000 0.1340 0.9910
vn -0.0000 -0.1340 -0.9910
# 6 vertex normals

vt 0.0000 0.0000 0.0000
# 1 texture coords

g Component_1_063
usemtl wire_224198087
s off
f 73/10/55 74/10/55 75/10/55 76/10/55 
f 75/10/56 74/10/56 77/10/56 78/10/56 
f 77/10/57 79/10/57 80/10/57 78/10/57 
f 73/10/58 76/10/58 80/10/58 79/10/58 
f 80/10/59 76/10/59 75/10/59 78/10/59 
f 73/10/60 79/10/60 77/10/60 74/10/60 
# 6 polygons

#
# object Component_1_062
#

v  29.7678 351.0624 58.7592
v  30.1590 352.5014 58.5647
v  30.1590 352.6265 59.4897
v  29.7678 351.1875 59.6843
v  7.2255 358.6235 57.7369
v  7.2255 358.7486 58.6620
v  6.8343 357.1845 57.9315
v  6.8343 357.3095 58.8565
# 8 vertices

vn 0.9656 -0.2578 0.0349
vn 0.2601 0.9569 -0.1294
vn -0.9656 0.2578 -0.0349
vn -0.2601 -0.9569 0.1294
vn 0.0000 0.1340 0.9910
vn -0.0000 -0.1340 -0.9910
# 6 vertex normals

vt 0.0000 0.0000 0.0000
# 1 texture coords

g Component_1_062
usemtl wire_224086086
s off
f 81/11/61 82/11/61 83/11/61 84/11/61 
f 83/11/62 82/11/62 85/11/62 86/11/62 
f 85/11/63 87/11/63 88/11/63 86/11/63 
f 81/11/64 84/11/64 88/11/64 87/11/64 
f 88/11/65 84/11/65 83/11/65 86/11/65 
f 81/11/66 87/11/66 85/11/66 82/11/66 
# 6 polygons

#
# object Component_1_061
#

v  45.9137 410.4594 50.7284
v  46.3048 411.8984 50.5339
v  46.3048 412.0235 51.4589
v  45.9137 410.5844 51.6535
v  23.3714 418.0204 49.7061
v  23.3714 418.1455 50.6312
v  22.9802 416.5815 49.9007
v  22.9802 416.7065 50.8257
# 8 vertices

vn 0.9656 -0.2578 0.0349
vn 0.2601 0.9569 -0.1294
vn -0.9656 0.2578 -0.0349
vn -0.2601 -0.9569 0.1294
vn 0.0000 0.1340 0.9910
vn -0.0000 -0.1340 -0.9910
# 6 vertex normals

vt 0.0000 0.0000 0.0000
# 1 texture coords

g Component_1_061
usemtl wire_224086086
s off
f 89/12/67 90/12/67 91/12/67 92/12/67 
f 91/12/68 90/12/68 93/12/68 94/12/68 
f 93/12/69 95/12/69 96/12/69 94/12/69 
f 89/12/70 92/12/70 96/12/70 95/12/70 
f 96/12/71 92/12/71 91/12/71 94/12/71 
f 89/12/72 95/12/72 93/12/72 90/12/72 
# 6 polygons

#
# object Component_1_060
#

v  48.2202 418.9447 49.5812
v  48.6113 420.3837 49.3866
v  48.6113 420.5088 50.3116
v  48.2202 419.0697 50.5062
v  25.6779 426.5057 48.5589
v  25.6779 426.6308 49.4839
v  25.2867 425.0667 48.7534
v  25.2867 425.1918 49.6785
# 8 vertices

vn 0.9656 -0.2578 0.0349
vn 0.2601 0.9569 -0.1294
vn -0.9656 0.2578 -0.0349
vn -0.2601 -0.9569 0.1294
vn 0.0000 0.1340 0.9910
vn -0.0000 -0.1340 -0.9910
# 6 vertex normals

vt 0.0000 0.0000 0.0000
# 1 texture coords

g Component_1_060
usemtl wire_143224087
s off
f 97/13/73 98/13/73 99/13/73 100/13/73 
f 99/13/74 98/13/74 101/13/74 102/13/74 
f 101/13/75 103/13/75 104/13/75 102/13/75 
f 97/13/76 100/13/76 104/13/76 103/13/76 
f 104/13/77 100/13/77 99/13/77 102/13/77 
f 97/13/78 103/13/78 101/13/78 98/13/78 
# 6 polygons

#
# object Component_1_059
#

v  52.8333 435.9153 47.2867
v  53.2245 437.3543 47.0921
v  53.2245 437.4793 48.0171
v  52.8333 436.0403 48.2117
v  30.2911 443.4763 46.2644
v  30.2911 443.6014 47.1894
v  29.8999 442.0373 46.4590
v  29.8999 442.1624 47.3840
# 8 vertices

vn 0.9656 -0.2578 0.0349
vn 0.2601 0.9569 -0.1294
vn -0.9656 0.2578 -0.0349
vn -0.2601 -0.9569 0.1294
vn 0.0000 0.1340 0.9910
vn -0.0000 -0.1340 -0.9910
# 6 vertex normals

vt 0.0000 0.0000 0.0000
# 1 texture coords

g Component_1_059
usemtl wire_006134006
s off
f 105/14/79 106/14/79 107/14/79 108/14/79 
f 107/14/80 106/14/80 109/14/80 110/14/80 
f 109/14/81 111/14/81 112/14/81 110/14/81 
f 105/14/82 108/14/82 112/14/82 111/14/82 
f 112/14/83 108/14/83 107/14/83 110/14/83 
f 105/14/84 111/14/84 109/14/84 106/14/84 
# 6 polygons

#
# object Component_1_058
#

v  27.4613 342.5771 59.9065
v  27.8524 344.0161 59.7119
v  27.8524 344.1412 60.6369
v  27.4613 342.7022 60.8315
v  4.9190 350.1382 58.8842
v  4.9190 350.2633 59.8092
v  4.5278 348.6992 59.0788
v  4.5278 348.8242 60.0038
# 8 vertices

vn 0.9656 -0.2578 0.0349
vn 0.2601 0.9569 -0.1294
vn -0.9656 0.2578 -0.0349
vn -0.2601 -0.9569 0.1294
vn 0.0000 0.1340 0.9910
vn -0.0000 -0.1340 -0.9910
# 6 vertex normals

vt 0.0000 0.0000 0.0000
# 1 texture coords

g Component_1_058
usemtl wire_177028149
s off
f 113/15/85 114/15/85 115/15/85 116/15/85 
f 115/15/86 114/15/86 117/15/86 118/15/86 
f 117/15/87 119/15/87 120/15/87 118/15/87 
f 113/15/88 116/15/88 120/15/88 119/15/88 
f 120/15/89 116/15/89 115/15/89 118/15/89 
f 113/15/90 119/15/90 117/15/90 114/15/90 
# 6 polygons

#
# object Component_1_057
#

v  38.9940 385.0035 54.1702
v  39.3851 386.4426 53.9756
v  39.3852 386.5676 54.9007
v  38.9940 385.1286 55.0952
v  16.4517 392.5646 53.1479
v  16.4517 392.6897 54.0729
v  16.0605 391.1256 53.3425
v  16.0605 391.2507 54.2675
# 8 vertices

vn 0.9656 -0.2578 0.0349
vn 0.2601 0.9569 -0.1294
vn -0.9656 0.2578 -0.0349
vn -0.2601 -0.9569 0.1294
vn 0.0000 0.1340 0.9910
vn -0.0000 -0.1340 -0.9910
# 6 vertex normals

vt 0.0000 0.0000 0.0000
# 1 texture coords

g Component_1_057
usemtl wire_224086086
s off
f 121/16/91 122/16/91 123/16/91 124/16/91 
f 123/16/92 122/16/92 125/16/92 126/16/92 
f 125/16/93 127/16/93 128/16/93 126/16/93 
f 121/16/94 124/16/94 128/16/94 127/16/94 
f 128/16/95 124/16/95 123/16/95 126/16/95 
f 121/16/96 127/16/96 125/16/96 122/16/96 
# 6 polygons

#
# object Component_1_056
#

v  34.3809 368.0330 56.4647
v  34.7721 369.4720 56.2702
v  34.7721 369.5970 57.1952
v  34.3809 368.1580 57.3897
v  11.8387 375.5941 55.4424
v  11.8387 375.7191 56.3675
v  11.4475 374.1550 55.6370
v  11.4475 374.2801 56.5620
# 8 vertices

vn 0.9656 -0.2578 0.0349
vn 0.2601 0.9569 -0.1294
vn -0.9656 0.2578 -0.0349
vn -0.2601 -0.9569 0.1294
vn 0.0000 0.1340 0.9910
vn -0.0000 -0.1340 -0.9910
# 6 vertex normals

vt 0.0000 0.0000 0.0000
# 1 texture coords

g Component_1_056
usemtl wire_134006006
s off
f 129/17/97 130/17/97 131/17/97 132/17/97 
f 131/17/98 130/17/98 133/17/98 134/17/98 
f 133/17/99 135/17/99 136/17/99 134/17/99 
f 129/17/100 132/17/100 136/17/100 135/17/100 
f 136/17/101 132/17/101 131/17/101 134/17/101 
f 129/17/102 135/17/102 133/17/102 130/17/102 
# 6 polygons

#
# object Component_1_055
#

v  50.5268 427.4300 48.4339
v  50.9179 428.8690 48.2393
v  50.9179 428.9940 49.1644
v  50.5268 427.5550 49.3589
v  27.9845 434.9910 47.4116
v  27.9845 435.1161 48.3366
v  27.5933 433.5520 47.6062
v  27.5933 433.6771 48.5312
# 8 vertices

vn 0.9656 -0.2578 0.0349
vn 0.2601 0.9569 -0.1294
vn -0.9656 0.2578 -0.0349
vn -0.2601 -0.9569 0.1294
vn 0.0000 0.1340 0.9910
vn -0.0000 -0.1340 -0.9910
# 6 vertex normals

vt 0.0000 0.0000 0.0000
# 1 texture coords

g Component_1_055
usemtl wire_143224087
s off
f 137/18/103 138/18/103 139/18/103 140/18/103 
f 139/18/104 138/18/104 141/18/104 142/18/104 
f 141/18/105 143/18/105 144/18/105 142/18/105 
f 137/18/106 140/18/106 144/18/106 143/18/106 
f 144/18/107 140/18/107 139/18/107 142/18/107 
f 137/18/108 143/18/108 141/18/108 138/18/108 
# 6 polygons

#
# object Component_1_054
#

v  32.0744 359.5477 57.6119
v  32.4655 360.9867 57.4174
v  32.4655 361.1118 58.3424
v  32.0744 359.6728 58.5370
v  9.5321 367.1088 56.5896
v  9.5321 367.2339 57.5147
v  9.1409 365.6698 56.7842
v  9.1409 365.7948 57.7092
# 8 vertices

vn 0.9656 -0.2578 0.0349
vn 0.2601 0.9569 -0.1294
vn -0.9656 0.2578 -0.0349
vn -0.2601 -0.9569 0.1294
vn 0.0000 0.1340 0.9910
vn -0.0000 -0.1340 -0.9910
# 6 vertex normals

vt 0.0000 0.0000 0.0000
# 1 texture coords

g Component_1_054
usemtl wire_177028149
s off
f 145/19/109 146/19/109 147/19/109 148/19/109 
f 147/19/110 146/19/110 149/19/110 150/19/110 
f 149/19/111 151/19/111 152/19/111 150/19/111 
f 145/19/112 148/19/112 152/19/112 151/19/112 
f 152/19/113 148/19/113 147/19/113 150/19/113 
f 145/19/114 151/19/114 149/19/114 146/19/114 
# 6 polygons

#
# object Component_2_013
#

v  0.1207 331.4261 62.3561
v  1.5728 331.0385 62.4085
v  1.5728 331.1635 63.3335
v  0.1207 331.5512 63.2811
v  39.0306 468.8375 43.7773
v  39.0306 468.9626 44.7023
v  37.5785 469.2252 43.7249
v  37.5785 469.3502 44.6499
# 8 vertices

vn -0.2601 -0.9569 0.1294
vn 0.9656 -0.2578 0.0349
vn 0.2601 0.9569 -0.1294
vn -0.9656 0.2578 -0.0349
vn -0.0000 0.1340 0.9910
vn 0.0000 -0.1340 -0.9910
# 6 vertex normals

vt 0.0000 0.0000 0.0000
# 1 texture coords

g Component_2_013
usemtl wire_229166215
s off
f 153/20/115 154/20/115 155/20/115 156/20/115 
f 155/20/116 154/20/116 157/20/116 158/20/116 
f 157/20/117 159/20/117 160/20/117 158/20/117 
f 153/20/118 156/20/118 160/20/118 159/20/118 
f 160/20/119 156/20/119 155/20/119 158/20/119 
f 153/20/120 159/20/120 157/20/120 154/20/120 
# 6 polygons

#
# object Component_1_053
#

v  55.1399 444.4005 46.1394
v  55.5310 445.8396 45.9448
v  55.5310 445.9646 46.8698
v  55.1399 444.5256 47.0644
v  32.5976 451.9616 45.1171
v  32.5976 452.0867 46.0421
v  32.2064 450.5226 45.3117
v  32.2064 450.6477 46.2367
# 8 vertices

vn 0.9656 -0.2578 0.0349
vn 0.2601 0.9569 -0.1294
vn -0.9656 0.2578 -0.0349
vn -0.2601 -0.9569 0.1294
vn 0.0000 0.1340 0.9910
vn -0.0000 -0.1340 -0.9910
# 6 vertex normals

vt 0.0000 0.0000 0.0000
# 1 texture coords

g Component_1_053
usemtl wire_134006006
s off
f 161/21/121 162/21/121 163/21/121 164/21/121 
f 163/21/122 162/21/122 165/21/122 166/21/122 
f 165/21/123 167/21/123 168/21/123 166/21/123 
f 161/21/124 164/21/124 168/21/124 167/21/124 
f 168/21/125 164/21/125 163/21/125 166/21/125 
f 161/21/126 167/21/126 165/21/126 162/21/126 
# 6 polygons

#
# object Component_1_052
#

v  22.8482 325.6065 62.2010
v  23.2393 327.0456 62.0064
v  23.2393 327.1706 62.9314
v  22.8482 325.7316 63.1260
v  0.3059 333.1676 61.1787
v  0.3059 333.2927 62.1037
v  -0.0853 331.7286 61.3732
v  -0.0853 331.8537 62.2983
# 8 vertices

vn 0.9656 -0.2578 0.0349
vn 0.2601 0.9569 -0.1294
vn -0.9656 0.2578 -0.0349
vn -0.2601 -0.9569 0.1294
vn 0.0000 0.1340 0.9910
vn -0.0000 -0.1340 -0.9910
# 6 vertex normals

vt 0.0000 0.0000 0.0000
# 1 texture coords

g Component_1_052
usemtl wire_143224087
s off
f 169/22/127 170/22/127 171/22/127 172/22/127 
f 171/22/128 170/22/128 173/22/128 174/22/128 
f 173/22/129 175/22/129 176/22/129 174/22/129 
f 169/22/130 172/22/130 176/22/130 175/22/130 
f 176/22/131 172/22/131 171/22/131 174/22/131 
f 169/22/132 175/22/132 173/22/132 170/22/132 
# 6 polygons

#
# object Component_1_051
#

v  79.6517 273.6272 69.2289
v  81.1038 273.2396 69.2813
v  81.1038 273.3646 70.2063
v  79.6517 273.7523 70.1539
v  87.2816 295.9662 66.2085
v  87.2816 296.0913 67.1335
v  85.8294 296.3539 66.1561
v  85.8294 296.4789 67.0811
# 8 vertices

vn -0.2601 -0.9569 0.1294
vn 0.9656 -0.2578 0.0349
vn 0.2601 0.9569 -0.1294
vn -0.9656 0.2578 -0.0349
vn -0.0000 0.1340 0.9910
vn 0.0000 -0.1340 -0.9910
# 6 vertex normals

vt 0.0000 0.0000 0.0000
# 1 texture coords

g Component_1_051
usemtl wire_229166215
s off
f 177/23/133 178/23/133 179/23/133 180/23/133 
f 179/23/134 178/23/134 181/23/134 182/23/134 
f 181/23/135 183/23/135 184/23/135 182/23/135 
f 177/23/136 180/23/136 184/23/136 183/23/136 
f 184/23/137 180/23/137 179/23/137 182/23/137 
f 177/23/138 183/23/138 181/23/138 178/23/138 
# 6 polygons

#
# object Component_1_050
#

v  139.5891 257.6270 71.3922
v  141.0412 257.2393 71.4446
v  141.0412 257.3644 72.3696
v  139.5891 257.7520 72.3172
v  147.2190 279.9660 68.3718
v  147.2190 280.0910 69.2968
v  145.7669 280.3536 68.3194
v  145.7669 280.4787 69.2444
# 8 vertices

vn -0.2601 -0.9569 0.1294
vn 0.9656 -0.2578 0.0349
vn 0.2601 0.9569 -0.1294
vn -0.9656 0.2578 -0.0349
vn -0.0000 0.1340 0.9910
vn 0.0000 -0.1340 -0.9910
# 6 vertex normals

vt 0.0000 0.0000 0.0000
# 1 texture coords

g Component_1_050
usemtl wire_028089177
s off
f 185/24/139 186/24/139 187/24/139 188/24/139 
f 187/24/140 186/24/140 189/24/140 190/24/140 
f 189/24/141 191/24/141 192/24/141 190/24/141 
f 185/24/142 188/24/142 192/24/142 191/24/142 
f 192/24/143 188/24/143 187/24/143 190/24/143 
f 185/24/144 191/24/144 189/24/144 186/24/144 
# 6 polygons

#
# object Component_2_012
#

v  13.1482 300.7660 66.5015
v  12.7570 299.3270 66.6961
v  12.7570 299.4520 67.6211
v  13.1482 300.8911 67.4265
v  151.8099 262.2070 71.7149
v  151.8099 262.3320 72.6399
v  152.2010 263.6460 71.5203
v  152.2010 263.7711 72.4454
# 8 vertices

vn -0.9656 0.2578 -0.0349
vn -0.2601 -0.9569 0.1294
vn 0.9656 -0.2578 0.0349
vn 0.2601 0.9569 -0.1294
vn -0.0000 0.1340 0.9910
vn 0.0000 -0.1340 -0.9910
# 6 vertex normals

vt 0.0000 0.0000 0.0000
# 1 texture coords

g Component_2_012
usemtl wire_134006006
s off
f 193/25/145 194/25/145 195/25/145 196/25/145 
f 195/25/146 194/25/146 197/25/146 198/25/146 
f 197/25/147 199/25/147 200/25/147 198/25/147 
f 193/25/148 196/25/148 200/25/148 199/25/148 
f 200/25/149 196/25/149 195/25/149 198/25/149 
f 193/25/150 199/25/150 197/25/150 194/25/150 
# 6 polygons

#
# object Component_2_011
#

v  15.0232 307.6634 65.5689
v  14.6320 306.2244 65.7635
v  14.6320 306.3494 66.6885
v  15.0232 307.7885 66.4939
v  153.6848 269.1044 70.7823
v  153.6848 269.2294 71.7073
v  154.0760 270.5434 70.5878
v  154.0760 270.6685 71.5128
# 8 vertices

vn -0.9656 0.2578 -0.0349
vn -0.2601 -0.9569 0.1294
vn 0.9656 -0.2578 0.0349
vn 0.2601 0.9569 -0.1294
vn -0.0000 0.1340 0.9910
vn 0.0000 -0.1340 -0.9910
# 6 vertex normals

vt 0.0000 0.0000 0.0000
# 1 texture coords

g Component_2_011
usemtl wire_028089177
s off
f 201/26/151 202/26/151 203/26/151 204/26/151 
f 203/26/152 202/26/152 205/26/152 206/26/152 
f 205/26/153 207/26/153 208/26/153 206/26/153 
f 201/26/154 204/26/154 208/26/154 207/26/154 
f 208/26/155 204/26/155 203/26/155 206/26/155 
f 201/26/156 207/26/156 205/26/156 202/26/156 
# 6 polygons

#
# object Component_2_010
#

v  11.2733 293.8686 67.4341
v  10.8822 292.4296 67.6286
v  10.8822 292.5546 68.5537
v  11.2733 293.9937 68.3591
v  149.9350 255.3096 72.6475
v  149.9350 255.4346 73.5725
v  150.3262 256.7486 72.4529
v  150.3262 256.8737 73.3779
# 8 vertices

vn -0.9656 0.2578 -0.0349
vn -0.2601 -0.9569 0.1294
vn 0.9656 -0.2578 0.0349
vn 0.2601 0.9569 -0.1294
vn -0.0000 0.1340 0.9910
vn 0.0000 -0.1340 -0.9910
# 6 vertex normals

vt 0.0000 0.0000 0.0000
# 1 texture coords

g Component_2_010
usemtl wire_134110008
s off
f 209/27/157 210/27/157 211/27/157 212/27/157 
f 211/27/158 210/27/158 213/27/158 214/27/158 
f 213/27/159 215/27/159 216/27/159 214/27/159 
f 209/27/160 212/27/160 216/27/160 215/27/160 
f 216/27/161 212/27/161 211/27/161 214/27/161 
f 209/27/162 215/27/162 213/27/162 210/27/162 
# 6 polygons

#
# object Component_1_049
#

v  148.1516 255.3412 71.7012
v  149.6037 254.9536 71.7536
v  149.6037 255.0786 72.6787
v  148.1516 255.4663 72.6263
v  155.7815 277.6802 68.6809
v  155.7815 277.8053 69.6059
v  154.3294 278.0679 68.6285
v  154.3294 278.1930 69.5535
# 8 vertices

vn -0.2601 -0.9569 0.1294
vn 0.9656 -0.2578 0.0349
vn 0.2601 0.9569 -0.1294
vn -0.9656 0.2578 -0.0349
vn -0.0000 0.1340 0.9910
vn 0.0000 -0.1340 -0.9910
# 6 vertex normals

vt 0.0000 0.0000 0.0000
# 1 texture coords

g Component_1_049
usemtl wire_224086086
s off
f 217/28/163 218/28/163 219/28/163 220/28/163 
f 219/28/164 218/28/164 221/28/164 222/28/164 
f 221/28/165 223/28/165 224/28/165 222/28/165 
f 217/28/166 220/28/166 224/28/166 223/28/166 
f 224/28/167 220/28/167 219/28/167 222/28/167 
f 217/28/168 223/28/168 221/28/168 218/28/168 
# 6 polygons

#
# object Component_1_048
#

v  88.2142 271.3415 69.5379
v  89.6663 270.9538 69.5903
v  89.6663 271.0789 70.5153
v  88.2142 271.4665 70.4629
v  95.8441 293.6805 66.5175
v  95.8441 293.8055 67.4426
v  94.3919 294.0681 66.4651
v  94.3919 294.1932 67.3902
# 8 vertices

vn -0.2601 -0.9569 0.1294
vn 0.9656 -0.2578 0.0349
vn 0.2601 0.9569 -0.1294
vn -0.9656 0.2578 -0.0349
vn -0.0000 0.1340 0.9910
vn 0.0000 -0.1340 -0.9910
# 6 vertex normals

vt 0.0000 0.0000 0.0000
# 1 texture coords

g Component_1_048
usemtl wire_224086086
s off
f 225/29/169 226/29/169 227/29/169 228/29/169 
f 227/29/170 226/29/170 229/29/170 230/29/170 
f 229/29/171 231/29/171 232/29/171 230/29/171 
f 225/29/172 228/29/172 232/29/172 231/29/172 
f 232/29/173 228/29/173 227/29/173 230/29/173 
f 225/29/174 231/29/174 229/29/174 226/29/174 
# 6 polygons

#
# object Component_3_003
#

v  2.2564 315.8424 63.5211
v  1.2987 312.3193 63.9975
v  153.9715 271.5634 69.5079
v  154.9292 275.0865 69.0316
v  1.2987 312.1664 62.8669
v  2.2564 315.6895 62.3905
v  154.9292 274.9337 67.9010
v  153.9715 271.4106 68.3773
# 8 vertices

vn -0.0000 0.1340 0.9910
vn -0.9656 0.2578 -0.0349
vn 0.2601 0.9569 -0.1294
vn 0.9656 -0.2578 0.0349
vn 0.0000 -0.1340 -0.9910
vn -0.2601 -0.9569 0.1294
# 6 vertex normals

vt 0.0000 0.0000 0.0000
# 1 texture coords

g Component_3_003
usemtl wire_028089177
s off
f 233/30/175 234/30/175 235/30/175 236/30/175 
f 237/30/176 234/30/176 233/30/176 238/30/176 
f 239/30/177 238/30/177 233/30/177 236/30/177 
f 235/30/178 240/30/178 239/30/178 236/30/178 
f 237/30/179 238/30/179 239/30/179 240/30/179 
f 237/30/180 240/30/180 235/30/180 234/30/180 
# 6 polygons

#
# object Component_1_047
#

v  62.5267 278.1987 68.6108
v  63.9788 277.8111 68.6632
v  63.9788 277.9361 69.5882
v  62.5267 278.3238 69.5358
v  70.1566 300.5377 65.5904
v  70.1566 300.6628 66.5154
v  68.7044 300.9254 65.5380
v  68.7044 301.0504 66.4630
# 8 vertices

vn -0.2601 -0.9569 0.1294
vn 0.9656 -0.2578 0.0349
vn 0.2601 0.9569 -0.1294
vn -0.9656 0.2578 -0.0349
vn -0.0000 0.1340 0.9910
vn 0.0000 -0.1340 -0.9910
# 6 vertex normals

vt 0.0000 0.0000 0.0000
# 1 texture coords

g Component_1_047
usemtl wire_028089177
s off
f 241/31/181 242/31/181 243/31/181 244/31/181 
f 243/31/182 242/31/182 245/31/182 246/31/182 
f 245/31/183 247/31/183 248/31/183 246/31/183 
f 241/31/184 244/31/184 248/31/184 247/31/184 
f 248/31/185 244/31/185 243/31/185 246/31/185 
f 241/31/186 247/31/186 245/31/186 242/31/186 
# 6 polygons

#
# object Component_1_046
#

v  19.7142 289.6274 67.0656
v  21.1664 289.2398 67.1180
v  21.1664 289.3649 68.0430
v  19.7142 289.7525 67.9906
v  27.3441 311.9665 64.0452
v  27.3441 312.0915 64.9702
v  25.8920 312.3541 63.9928
v  25.8920 312.4792 64.9178
# 8 vertices

vn -0.2601 -0.9569 0.1294
vn 0.9656 -0.2578 0.0349
vn 0.2601 0.9569 -0.1294
vn -0.9656 0.2578 -0.0349
vn -0.0000 0.1340 0.9910
vn 0.0000 -0.1340 -0.9910
# 6 vertex normals

vt 0.0000 0.0000 0.0000
# 1 texture coords

g Component_1_046
usemtl wire_224086086
s off
f 249/32/187 250/32/187 251/32/187 252/32/187 
f 251/32/188 250/32/188 253/32/188 254/32/188 
f 253/32/189 255/32/189 256/32/189 254/32/189 
f 249/32/190 252/32/190 256/32/190 255/32/190 
f 256/32/191 252/32/191 251/32/191 254/32/191 
f 249/32/192 255/32/192 253/32/192 250/32/192 
# 6 polygons

#
# object Component_1_045
#

v  36.8392 285.0560 67.6836
v  38.2914 284.6683 67.7361
v  38.2914 284.7934 68.6611
v  36.8392 285.1810 68.6087
v  44.4691 307.3950 64.6633
v  44.4691 307.5201 65.5883
v  43.0170 307.7826 64.6109
v  43.0170 307.9077 65.5359
# 8 vertices

vn -0.2601 -0.9569 0.1294
vn 0.9656 -0.2578 0.0349
vn 0.2601 0.9569 -0.1294
vn -0.9656 0.2578 -0.0349
vn -0.0000 0.1340 0.9910
vn 0.0000 -0.1340 -0.9910
# 6 vertex normals

vt 0.0000 0.0000 0.0000
# 1 texture coords

g Component_1_045
usemtl wire_028089177
s off
f 257/33/193 258/33/193 259/33/193 260/33/193 
f 259/33/194 258/33/194 261/33/194 262/33/194 
f 261/33/195 263/33/195 264/33/195 262/33/195 
f 257/33/196 260/33/196 264/33/196 263/33/196 
f 264/33/197 260/33/197 259/33/197 262/33/197 
f 257/33/198 263/33/198 261/33/198 258/33/198 
# 6 polygons

#
# object Component_1_044
#

v  96.7767 269.0557 69.8469
v  98.2288 268.6681 69.8994
v  98.2288 268.7932 70.8244
v  96.7767 269.1808 70.7720
v  104.4066 291.3947 66.8266
v  104.4066 291.5198 67.7516
v  102.9544 291.7824 66.7742
v  102.9544 291.9075 67.6992
# 8 vertices

vn -0.2601 -0.9569 0.1294
vn 0.9656 -0.2578 0.0349
vn 0.2601 0.9569 -0.1294
vn -0.9656 0.2578 -0.0349
vn -0.0000 0.1340 0.9910
vn 0.0000 -0.1340 -0.9910
# 6 vertex normals

vt 0.0000 0.0000 0.0000
# 1 texture coords

g Component_1_044
usemtl wire_224086086
s off
f 265/34/199 266/34/199 267/34/199 268/34/199 
f 267/34/200 266/34/200 269/34/200 270/34/200 
f 269/34/201 271/34/201 272/34/201 270/34/201 
f 265/34/202 268/34/202 272/34/202 271/34/202 
f 272/34/203 268/34/203 267/34/203 270/34/203 
f 265/34/204 271/34/204 269/34/204 266/34/204 
# 6 polygons

#
# object Component_1_043
#

v  105.3392 266.7700 70.1560
v  106.7913 266.3823 70.2084
v  106.7913 266.5074 71.1334
v  105.3392 266.8950 71.0810
v  112.9691 289.1090 67.1357
v  112.9691 289.2340 68.0607
v  111.5169 289.4966 67.0832
v  111.5169 289.6217 68.0083
# 8 vertices

vn -0.2601 -0.9569 0.1294
vn 0.9656 -0.2578 0.0349
vn 0.2601 0.9569 -0.1294
vn -0.9656 0.2578 -0.0349
vn -0.0000 0.1340 0.9910
vn 0.0000 -0.1340 -0.9910
# 6 vertex normals

vt 0.0000 0.0000 0.0000
# 1 texture coords

g Component_1_043
usemtl wire_224198087
s off
f 273/35/205 274/35/205 275/35/205 276/35/205 
f 275/35/206 274/35/206 277/35/206 278/35/206 
f 277/35/207 279/35/207 280/35/207 278/35/207 
f 273/35/208 276/35/208 280/35/208 279/35/208 
f 280/35/209 276/35/209 275/35/209 278/35/209 
f 273/35/210 279/35/210 277/35/210 274/35/210 
# 6 polygons

#
# object Component_1_042
#

v  122.4642 262.1985 70.7741
v  123.9163 261.8108 70.8265
v  123.9163 261.9359 71.7515
v  122.4642 262.3235 71.6991
v  130.0941 284.5375 67.7537
v  130.0941 284.6625 68.6788
v  128.6419 284.9251 67.7013
v  128.6419 285.0502 68.6264
# 8 vertices

vn -0.2601 -0.9569 0.1294
vn 0.9656 -0.2578 0.0349
vn 0.2601 0.9569 -0.1294
vn -0.9656 0.2578 -0.0349
vn -0.0000 0.1340 0.9910
vn 0.0000 -0.1340 -0.9910
# 6 vertex normals

vt 0.0000 0.0000 0.0000
# 1 texture coords

g Component_1_042
usemtl wire_028089177
s off
f 281/36/211 282/36/211 283/36/211 284/36/211 
f 283/36/212 282/36/212 285/36/212 286/36/212 
f 285/36/213 287/36/213 288/36/213 286/36/213 
f 281/36/214 284/36/214 288/36/214 287/36/214 
f 288/36/215 284/36/215 283/36/215 286/36/215 
f 281/36/216 287/36/216 285/36/216 282/36/216 
# 6 polygons

#
# object Component_1_041
#

v  28.2767 287.3417 67.3746
v  29.7289 286.9541 67.4270
v  29.7289 287.0791 68.3520
v  28.2767 287.4668 68.2996
v  35.9066 309.6807 64.3542
v  35.9066 309.8058 65.2792
v  34.4545 310.0684 64.3018
v  34.4545 310.1935 65.2268
# 8 vertices

vn -0.2601 -0.9569 0.1294
vn 0.9656 -0.2578 0.0349
vn 0.2601 0.9569 -0.1294
vn -0.9656 0.2578 -0.0349
vn -0.0000 0.1340 0.9910
vn 0.0000 -0.1340 -0.9910
# 6 vertex normals

vt 0.0000 0.0000 0.0000
# 1 texture coords

g Component_1_041
usemtl wire_177028149
s off
f 289/37/217 290/37/217 291/37/217 292/37/217 
f 291/37/218 290/37/218 293/37/218 294/37/218 
f 293/37/219 295/37/219 296/37/219 294/37/219 
f 289/37/220 292/37/220 296/37/220 295/37/220 
f 296/37/221 292/37/221 291/37/221 294/37/221 
f 289/37/222 295/37/222 293/37/222 290/37/222 
# 6 polygons

#
# object Component_1_040
#

v  71.0892 275.9130 68.9198
v  72.5413 275.5253 68.9722
v  72.5413 275.6504 69.8972
v  71.0892 276.0380 69.8448
v  78.7191 298.2520 65.8994
v  78.7191 298.3770 66.8245
v  77.2669 298.6396 65.8470
v  77.2669 298.7647 66.7721
# 8 vertices

vn -0.2601 -0.9569 0.1294
vn 0.9656 -0.2578 0.0349
vn 0.2601 0.9569 -0.1294
vn -0.9656 0.2578 -0.0349
vn -0.0000 0.1340 0.9910
vn 0.0000 -0.1340 -0.9910
# 6 vertex normals

vt 0.0000 0.0000 0.0000
# 1 texture coords

g Component_1_040
usemtl wire_006134006
s off
f 297/38/223 298/38/223 299/38/223 300/38/223 
f 299/38/224 298/38/224 301/38/224 302/38/224 
f 301/38/225 303/38/225 304/38/225 302/38/225 
f 297/38/226 300/38/226 304/38/226 303/38/226 
f 304/38/227 300/38/227 299/38/227 302/38/227 
f 297/38/228 303/38/228 301/38/228 298/38/228 
# 6 polygons

#
# object Component_1_039
#

v  53.9642 280.4845 68.3017
v  55.4163 280.0968 68.3541
v  55.4163 280.2219 69.2792
v  53.9642 280.6095 69.2267
v  61.5941 302.8235 65.2814
v  61.5941 302.9485 66.2064
v  60.1419 303.2111 65.2290
v  60.1419 303.3362 66.1540
# 8 vertices

vn -0.2601 -0.9569 0.1294
vn 0.9656 -0.2578 0.0349
vn 0.2601 0.9569 -0.1294
vn -0.9656 0.2578 -0.0349
vn -0.0000 0.1340 0.9910
vn 0.0000 -0.1340 -0.9910
# 6 vertex normals

vt 0.0000 0.0000 0.0000
# 1 texture coords

g Component_1_039
usemtl wire_006134006
s off
f 305/39/229 306/39/229 307/39/229 308/39/229 
f 307/39/230 306/39/230 309/39/230 310/39/230 
f 309/39/231 311/39/231 312/39/231 310/39/231 
f 305/39/232 308/39/232 312/39/232 311/39/232 
f 312/39/233 308/39/233 307/39/233 310/39/233 
f 305/39/234 311/39/234 309/39/234 306/39/234 
# 6 polygons

#
# object Component_1_038
#

v  113.9017 264.4842 70.4650
v  115.3538 264.0966 70.5174
v  115.3538 264.2216 71.4425
v  113.9017 264.6093 71.3901
v  121.5316 286.8232 67.4447
v  121.5316 286.9483 68.3697
v  120.0794 287.2109 67.3923
v  120.0794 287.3360 68.3173
# 8 vertices

vn -0.2601 -0.9569 0.1294
vn 0.9656 -0.2578 0.0349
vn 0.2601 0.9569 -0.1294
vn -0.9656 0.2578 -0.0349
vn -0.0000 0.1340 0.9910
vn 0.0000 -0.1340 -0.9910
# 6 vertex normals

vt 0.0000 0.0000 0.0000
# 1 texture coords

g Component_1_038
usemtl wire_229166215
s off
f 313/40/235 314/40/235 315/40/235 316/40/235 
f 315/40/236 314/40/236 317/40/236 318/40/236 
f 317/40/237 319/40/237 320/40/237 318/40/237 
f 313/40/238 316/40/238 320/40/238 319/40/238 
f 320/40/239 316/40/239 315/40/239 318/40/239 
f 313/40/240 319/40/240 317/40/240 314/40/240 
# 6 polygons

#
# object Component_1_037
#

v  45.4017 282.7702 67.9927
v  46.8538 282.3826 68.0451
v  46.8538 282.5076 68.9701
v  45.4017 282.8953 68.9177
v  53.0316 305.1092 64.9723
v  53.0316 305.2343 65.8973
v  51.5794 305.4969 64.9199
v  51.5794 305.6219 65.8449
# 8 vertices

vn -0.2601 -0.9569 0.1294
vn 0.9656 -0.2578 0.0349
vn 0.2601 0.9569 -0.1294
vn -0.9656 0.2578 -0.0349
vn -0.0000 0.1340 0.9910
vn 0.0000 -0.1340 -0.9910
# 6 vertex normals

vt 0.0000 0.0000 0.0000
# 1 texture coords

g Component_1_037
usemtl wire_224086086
s off
f 321/41/241 322/41/241 323/41/241 324/41/241 
f 323/41/242 322/41/242 325/41/242 326/41/242 
f 325/41/243 327/41/243 328/41/243 326/41/243 
f 321/41/244 324/41/244 328/41/244 327/41/244 
f 328/41/245 324/41/245 323/41/245 326/41/245 
f 321/41/246 327/41/246 325/41/246 322/41/246 
# 6 polygons

#
# object Component_2_009
#

v  16.8981 314.5608 64.6363
v  16.5069 313.1218 64.8309
v  16.5069 313.2468 65.7559
v  16.8981 314.6859 65.5614
v  155.5598 276.0018 69.8498
v  155.5598 276.1268 70.7748
v  155.9509 277.4408 69.6552
v  155.9509 277.5659 70.5802
# 8 vertices

vn -0.9656 0.2578 -0.0349
vn -0.2601 -0.9569 0.1294
vn 0.9656 -0.2578 0.0349
vn 0.2601 0.9569 -0.1294
vn -0.0000 0.1340 0.9910
vn 0.0000 -0.1340 -0.9910
# 6 vertex normals

vt 0.0000 0.0000 0.0000
# 1 texture coords

g Component_2_009
usemtl wire_177028149
s off
f 329/42/247 330/42/247 331/42/247 332/42/247 
f 331/42/248 330/42/248 333/42/248 334/42/248 
f 333/42/249 335/42/249 336/42/249 334/42/249 
f 329/42/250 332/42/250 336/42/250 335/42/250 
f 336/42/251 332/42/251 331/42/251 334/42/251 
f 329/42/252 335/42/252 333/42/252 330/42/252 
# 6 polygons

#
# object Component_1_036
#

v  131.0266 259.9127 71.0831
v  132.4788 259.5251 71.1355
v  132.4788 259.6501 72.0606
v  131.0266 260.0378 72.0082
v  138.6565 282.2517 68.0628
v  138.6565 282.3768 68.9878
v  137.2044 282.6394 68.0104
v  137.2044 282.7645 68.9354
# 8 vertices

vn -0.2601 -0.9569 0.1294
vn 0.9656 -0.2578 0.0349
vn 0.2601 0.9569 -0.1294
vn -0.9656 0.2578 -0.0349
vn -0.0000 0.1340 0.9910
vn 0.0000 -0.1340 -0.9910
# 6 vertex normals

vt 0.0000 0.0000 0.0000
# 1 texture coords

g Component_1_036
usemtl wire_224198087
s off
f 337/43/253 338/43/253 339/43/253 340/43/253 
f 339/43/254 338/43/254 341/43/254 342/43/254 
f 341/43/255 343/43/255 344/43/255 342/43/255 
f 337/43/256 340/43/256 344/43/256 343/43/256 
f 344/43/257 340/43/257 339/43/257 342/43/257 
f 337/43/258 343/43/258 341/43/258 338/43/258 
# 6 polygons

#
# object Component_1_035
#

v  11.1517 291.9132 66.7565
v  12.6039 291.5256 66.8089
v  12.6039 291.6506 67.7339
v  11.1517 292.0383 67.6815
v  18.7816 314.2522 63.7361
v  18.7816 314.3773 64.6612
v  17.3295 314.6399 63.6837
v  17.3295 314.7650 64.6087
# 8 vertices

vn -0.2601 -0.9569 0.1294
vn 0.9656 -0.2578 0.0349
vn 0.2601 0.9569 -0.1294
vn -0.9656 0.2578 -0.0349
vn -0.0000 0.1340 0.9910
vn 0.0000 -0.1340 -0.9910
# 6 vertex normals

vt 0.0000 0.0000 0.0000
# 1 texture coords

g Component_1_035
usemtl wire_134110008
s off
f 345/44/259 346/44/259 347/44/259 348/44/259 
f 347/44/260 346/44/260 349/44/260 350/44/260 
f 349/44/261 351/44/261 352/44/261 350/44/261 
f 345/44/262 348/44/262 352/44/262 351/44/262 
f 352/44/263 348/44/263 347/44/263 350/44/263 
f 345/44/264 351/44/264 349/44/264 346/44/264 
# 6 polygons

#
# object Component_1_034
#

v  -79.6517 355.4835 58.1614
v  -81.1038 355.8712 58.1090
v  -81.1038 355.9962 59.0340
v  -79.6517 355.6086 59.0865
v  -87.2816 333.1445 61.1818
v  -87.2816 333.2696 62.1068
v  -85.8294 332.7569 61.2342
v  -85.8294 332.8819 62.1592
# 8 vertices

vn 0.2601 0.9569 -0.1294
vn -0.9656 0.2578 -0.0349
vn -0.2601 -0.9569 0.1294
vn 0.9656 -0.2578 0.0349
vn 0.0000 0.1340 0.9910
vn -0.0000 -0.1340 -0.9910
# 6 vertex normals

vt 0.0000 0.0000 0.0000
# 1 texture coords

g Component_1_034
usemtl wire_143224087
s off
f 353/45/265 354/45/265 355/45/265 356/45/265 
f 355/45/266 354/45/266 357/45/266 358/45/266 
f 357/45/267 359/45/267 360/45/267 358/45/267 
f 353/45/268 356/45/268 360/45/268 359/45/268 
f 360/45/269 356/45/269 355/45/269 358/45/269 
f 353/45/270 359/45/270 357/45/270 354/45/270 
# 6 polygons

#
# object Component_1_033
#

v  -139.5891 371.4838 55.9981
v  -141.0412 371.8714 55.9457
v  -141.0412 371.9965 56.8707
v  -139.5891 371.6088 56.9231
v  -147.2190 349.1447 59.0185
v  -147.2190 349.2698 59.9435
v  -145.7669 348.7571 59.0709
v  -145.7669 348.8822 59.9959
# 8 vertices

vn 0.2601 0.9569 -0.1294
vn -0.9656 0.2578 -0.0349
vn -0.2601 -0.9569 0.1294
vn 0.9656 -0.2578 0.0349
vn 0.0000 0.1340 0.9910
vn -0.0000 -0.1340 -0.9910
# 6 vertex normals

vt 0.0000 0.0000 0.0000
# 1 texture coords

g Component_1_033
usemtl wire_224086086
s off
f 361/46/271 362/46/271 363/46/271 364/46/271 
f 363/46/272 362/46/272 365/46/272 366/46/272 
f 365/46/273 367/46/273 368/46/273 366/46/273 
f 361/46/274 364/46/274 368/46/274 367/46/274 
f 368/46/275 364/46/275 363/46/275 366/46/275 
f 361/46/276 367/46/276 365/46/276 362/46/276 
# 6 polygons

#
# object Component_2_008
#

v  -13.1483 328.5948 62.7389
v  -12.7571 330.0339 62.5443
v  -12.7571 330.1589 63.4693
v  -13.1483 328.7199 63.6639
v  -151.8099 367.1539 57.5255
v  -151.8099 367.2789 58.4506
v  -152.2011 365.7148 57.7201
v  -152.2011 365.8399 58.6451
# 8 vertices

vn 0.9656 -0.2578 0.0349
vn 0.2601 0.9569 -0.1294
vn -0.9656 0.2578 -0.0349
vn -0.2601 -0.9569 0.1294
vn 0.0000 0.1340 0.9910
vn -0.0000 -0.1340 -0.9910
# 6 vertex normals

vt 0.0000 0.0000 0.0000
# 1 texture coords

g Component_2_008
usemtl wire_134006006
s off
f 369/47/277 370/47/277 371/47/277 372/47/277 
f 371/47/278 370/47/278 373/47/278 374/47/278 
f 373/47/279 375/47/279 376/47/279 374/47/279 
f 369/47/280 372/47/280 376/47/280 375/47/280 
f 376/47/281 372/47/281 371/47/281 374/47/281 
f 369/47/282 375/47/282 373/47/282 370/47/282 
# 6 polygons

#
# object Component_2_007
#

v  -15.0232 321.6975 63.6714
v  -14.6320 323.1365 63.4769
v  -14.6320 323.2616 64.4019
v  -15.0232 321.8225 64.5965
v  -153.6848 360.2565 58.4581
v  -153.6848 360.3816 59.3831
v  -154.0760 358.8175 58.6527
v  -154.0760 358.9425 59.5777
# 8 vertices

vn 0.9656 -0.2578 0.0349
vn 0.2601 0.9569 -0.1294
vn -0.9656 0.2578 -0.0349
vn -0.2601 -0.9569 0.1294
vn 0.0000 0.1340 0.9910
vn -0.0000 -0.1340 -0.9910
# 6 vertex normals

vt 0.0000 0.0000 0.0000
# 1 texture coords

g Component_2_007
usemtl wire_134110008
s off
f 377/48/283 378/48/283 379/48/283 380/48/283 
f 379/48/284 378/48/284 381/48/284 382/48/284 
f 381/48/285 383/48/285 384/48/285 382/48/285 
f 377/48/286 380/48/286 384/48/286 383/48/286 
f 384/48/287 380/48/287 379/48/287 382/48/287 
f 377/48/288 383/48/288 381/48/288 378/48/288 
# 6 polygons

#
# object Component_2_006
#

v  -11.2733 335.4922 61.8063
v  -10.8821 336.9313 61.6117
v  -10.8821 337.0563 62.5368
v  -11.2733 335.6173 62.7313
v  -149.9350 374.0513 56.5930
v  -149.9350 374.1763 57.5180
v  -150.3261 372.6122 56.7875
v  -150.3261 372.7373 57.7126
# 8 vertices

vn 0.9656 -0.2578 0.0349
vn 0.2601 0.9569 -0.1294
vn -0.9656 0.2578 -0.0349
vn -0.2601 -0.9569 0.1294
vn 0.0000 0.1340 0.9910
vn -0.0000 -0.1340 -0.9910
# 6 vertex normals

vt 0.0000 0.0000 0.0000
# 1 texture coords

g Component_2_006
usemtl wire_134006006
s off
f 385/49/289 386/49/289 387/49/289 388/49/289 
f 387/49/290 386/49/290 389/49/290 390/49/290 
f 389/49/291 391/49/291 392/49/291 390/49/291 
f 385/49/292 388/49/292 392/49/292 391/49/292 
f 392/49/293 388/49/293 387/49/293 390/49/293 
f 385/49/294 391/49/294 389/49/294 386/49/294 
# 6 polygons

#
# object Component_1_032
#

v  -148.1516 373.7695 55.6891
v  -149.6037 374.1571 55.6367
v  -149.6037 374.2822 56.5617
v  -148.1516 373.8946 56.6141
v  -155.7814 351.4305 58.7095
v  -155.7814 351.5555 59.6345
